[ 0]  Node  | Successors
[ 0]  ----------------------------------------------------------------------
[20]      0 |    3: 27    5: 82    6: 86   17: 69
[19]      1 |    4: 65
[18]      2 |   11: 20   13: 91
[17]      3 |    1: 81   18: 32
[16]      4 |    7: 58   10: 71   18: 73
[15]      5 |   15: 55   16: 47
[14]      6 |    8: 67    9: 94   11: 29   17:  3
[13]      7 |   10: 13
[12]      8 |    6: 95    9: 70   11: 22
[11]      9 |    1: 27    6: 12   15: 49
[10]     10 |
[10]     11 |
[10]     12 |    6: 53
[10]     13 |    1: 36    7: 90    9: 15   14: 30   16: 35
[10]     14 |    2: 18    3: 45   16: 27
[10]     15 |    8: 23
[10]     16 |    9: 72   12: 78
[10]     17 |    2: 32    8: 12
[10]     18 |   12: 34   13: 80
[ 0]  
[ 0]  Start vertex is: 0
[ 0]  
[ 0]         Total
[ 0]  Dest | Weight | Path
[ 0]  ----------------------------------------------------------------------
[44]     0 |      0 |
[43]     1 |    108 |   3   1
[42]     2 |    101 |  17   2
[42]     3 |     27 |   3
[42]     4 |    173 |   3   1   4
[42]     5 |     82 |   5
[42]     6 |     86 |   6
[42]     7 |    229 |   3  18  13   7
[42]     8 |     81 |  17   8
[42]     9 |    151 |  17   8   9
[42]    10 |    242 |   3  18  13   7  10
[42]    11 |    103 |  17   8  11
[42]    12 |     93 |   3  18  12
[42]    13 |    139 |   3  18  13
[42]    14 |    169 |   3  18  13  14
[42]    15 |    137 |   5  15
[42]    16 |    129 |   5  16
[42]    17 |     69 |  17
[42]    18 |     59 |   3  18
