[ 0]  Node  | Successors
[ 0]  ----------------------------------------------------------------------
[18]      0 |    2:  9    3: 27
[17]      1 |    5: 33
[16]      2 |    0: 66    4: 71    8:  1   13: 57   14: 97
[15]      3 |   11: 86
[14]      4 |
[13]      5 |    3: 25    8: 29
[13]      6 |    8: 43
[13]      7 |    5: 94   12: 89
[13]      8 |    1: 17    5: 99   11: 58   14: 73
[13]      9 |    6:  5   14: 39
[13]     10 |    1: 93    3: 50    7: 39   12: 41
[13]     11 |    1: 24    6: 19
[13]     12 |   10: 99
[13]     13 |    2:  4    3:  1    6: 40   14: 80
[13]     14 |    6: 56
[ 0]  
[ 0]  Start vertex is: 13
[ 0]  
[ 0]         Total
[ 0]  Dest | Weight | Path
[ 0]  ----------------------------------------------------------------------
[58]     0 |     70 |   2   0
[57]     1 |     22 |   2   8   1
[56]     2 |      4 |   2
[55]     3 |      1 |   3
[54]     4 |     75 |   2   4
[53]     5 |     55 |   2   8   1   5
[53]     6 |     40 |   6
[53]     7 |    inf |
[53]     8 |      5 |   2   8
[53]     9 |    inf |
[53]    10 |    inf |
[53]    11 |     63 |   2   8  11
[53]    12 |    inf |
[53]    13 |      0 |
[53]    14 |     78 |   2   8  14
